Order N: 10
Coefficients:
a_0 = 0.000000
a_1 = 0.000000, b_1 = 17.683958
a_2 = 0.000000, b_2 = -5.565410
a_3 = -0.000000, b_3 = 3.603898
a_4 = -0.000000, b_4 = -2.673453
a_5 = -0.000000, b_5 = 2.127847
a_6 = 0.000000, b_6 = -1.768246
a_7 = 0.000000, b_7 = 1.513051
a_8 = -0.000000, b_8 = -1.322423
a_9 = -0.000000, b_9 = 1.174550
a_10 = 0.000000, b_10 = -1.056469
Relative error of approximation: 0.092118
Absolute error of approximation: 1.047335
